sig_aql.obs  8.294055074389657278  8.832000538643082876  sig_aql_used.obs  1  1  0

2456933.377690500114 0 1 .67 .33
2458265.676288300194 0 1 .67 .33  
2458266.643407199997 0 1 .67 .33
2458266.729030599818 0 1 .67 .33
2458267.570956199896 0 1 .67 .33
2458267.659821600188 0 1 .67 .33
2458267.700209400151 0 1 .67 .33
2458267.728036200162 0 1 .67 .33
2458268.561381299980 0 1 .67 .33
2458268.634186900221 0 1 .67 .33
2458268.683465099894 0 1 .67 .33
2458268.733696800191 0 1 .67 .33
2458269.557500100229 0 1 .67 .33
2458269.708773700055 0 1 .67 .33
2458269.729109600186 0 1 .67 .33
2458311.565569099970 0 1 .67 .33
2458312.528872900177 0 1 .67 .33
2458313.646343799774 0 1 .67 .33
2458314.606997800060 0 1 .67 .33
2458315.694945100229 0 1 .67 .33
2458330.392113700043 0 1 .67 .33
2458330.548278499860 0 1 .67 .33
2458330.670276000164 0 1 .67 .33
2458332.611182699911 0 1 .67 .33
2458332.658395099919 0 1 .67 .33
2458332.705410799943 0 1 .67 .33
2458334.564539500047 0 1 .67 .33
2458334.627461200114 0 1 .67 .33
2458334.676122399978 0 1 .67 .33
2458335.382702200208 0 1 .67 .33
2458335.486332099885 0 1 .67 .33
 


1 0     1 0    0 0    0 0    0 0    0 0

1.95026 0     2420055.511 0    0 0      176.293267 0     163.52 0     199 0      0 0

10  1000  0.001  sig_aql.mod  sig_aql.res  sig_aql.rvs  sig_aql.log
  
